===========choose============
[[3, 4, 5, 6, 16, 14, 13, 12, 11, 19], [4, 5, 7, 16, 18, 13, 12, 10, 19, 17]]
===========test============
non-isomorphic for sure
non-isomorphic
++++++++++++++++++++++++++ NO. 30420 +++++++++++++++++++++++++
===========choose============
[[3, 4, 5, 6, 16, 14, 13, 12, 11, 19], [4, 6, 7, 16, 18, 13, 11, 10, 19, 17]]
===========test============
non-isomorphic for sure
non-isomorphic
++++++++++++++++++++++++++ NO. 30421 +++++++++++++++++++++++++
===========choose============
[[3, 4, 5, 6, 16, 14, 13, 12, 11, 19], [5, 6, 7, 16, 18, 12, 11, 10, 19, 17]]
===========test============
non-isomorphic for sure
non-isomorphic
++++++++++++++++++++++++++ NO. 30422 +++++++++++++++++++++++++
===========choose============
[[3, 4, 5, 6, 18, 14, 13, 12, 11, 17], [3, 4, 5, 7, 16, 14, 13, 12, 10, 19]]
===========test============
non-isomorphic for sure
non-isomorphic
++++++++++++++++++++++++++ NO. 30423 +++++++++++++++++++++++++
===========choose============
[[3, 4, 5, 6, 18, 14, 13, 12, 11, 17], [3, 4, 5, 7, 18, 14, 13, 12, 10, 17]]
===========test============
non-isomorphic for sure
non-isomorphic
++++++++++++++++++++++++++ NO. 30424 +++++++++++++++++++++++++
===========choose============
[[3, 4, 5, 6, 18, 14, 13, 12, 11, 17], [3, 4, 5, 16, 18, 14, 13, 12, 19, 17]]
===========test============
non-isomorphic for sure
non-isomorphic
++++++++++++++++++++++++++ NO. 30425 +++++++++++++++++++++++++
===========choose============
[[3, 4, 5, 6, 18, 14, 13, 12, 11, 17], [3, 4, 6, 7, 16, 14, 13, 11, 10, 19]]
===========test============
non-isomorphic for sure
non-isomorphic
++++++++++++++++++++++++++ NO. 30426 +++++++++++++++++++++++++
===========choose============
[[3, 4, 5, 6, 18, 14, 13, 12, 11, 17], [3, 4, 6, 7, 18, 14, 13, 11, 10, 17]]
===========test============
non-isomorphic for sure
non-isomorphic
++++++++++++++++++++++++++ NO. 30427 +++++++++++++++++++++++++
===========choose============
[[3, 4, 5, 6, 18, 14, 13, 12, 11, 17], [3, 4, 6, 16, 18, 14, 13, 11, 19, 17]]
===========test============
non-isomorphic for sure
non-isomorphic
++++++++++++++++++++++++++ NO. 30428 +++++++++++++++++++++++++
===========choose============
[[3, 4, 5, 6, 18, 14, 13, 12, 11, 17], [3, 4, 7, 16, 18, 14, 13, 10, 19, 17]]
===========test============
non-isomorphic for sure
non-isomorphic
++++++++++++++++++++++++++ NO. 30429 +++++++++++++++++++++++++
===========choose============
[[3, 4, 5, 6, 18, 14, 13, 12, 11, 17], [3, 5, 6, 7, 16, 14, 12, 11, 10, 19]]
===========test============
non-isomorphic for sure
non-isomorphic
++++++++++++++++++++++++++ NO. 30430 +++++++++++++++++++++++++
===========choose============
[[3, 4, 5, 6, 18, 14, 13, 12, 11, 17], [3, 5, 6, 7, 18, 14, 12, 11, 10, 17]]
===========test============
non-isomorphic for sure
non-isomorphic
++++++++++++++++++++++++++ NO. 30431 +++++++++++++++++++++++++
===========choose============
[[3, 4, 5, 6, 18, 14, 13, 12, 11, 17], [3, 5, 6, 16, 18, 14, 12, 11, 19, 17]]
===========test============
non-isomorphic for sure
non-isomorphic
++++++++++++++++++++++++++ NO. 30432 +++++++++++++++++++++++++
===========choose============
[[3, 4, 5, 6, 18, 14, 13, 12, 11, 17], [3, 5, 7, 16, 18, 14, 12, 10, 19, 17]]
===========test============
non-isomorphic for sure
non-isomorphic
++++++++++++++++++++++++++ NO. 30433 +++++++++++++++++++++++++
===========choose============
[[3, 4, 5, 6, 18, 14, 13, 12, 11, 17], [3, 6, 7, 16, 18, 14, 11, 10, 19, 17]]
===========test============
non-isomorphic for sure
non-isomorphic
++++++++++++++++++++++++++ NO. 30434 +++++++++++++++++++++++++
===========choose============
[[3, 4, 5, 6, 18, 14, 13, 12, 11, 17], [4, 5, 6, 7, 16, 13, 12, 11, 10, 19]]
===========test============
non-isomorphic for sure
non-isomorphic
++++++++++++++++++++++++++ NO. 30435 +++++++++++++++++++++++++
===========choose============
[[3, 4, 5, 6, 18, 14, 13, 12, 11, 17], [4, 5, 6, 7, 18, 13, 12, 11, 10, 17]]
===========test============
non-isomorphic for sure
non-isomorphic
++++++++++++++++++++++++++ NO. 30436 +++++++++++++++++++++++++
===========choose============
[[3, 4, 5, 6, 18, 14, 13, 12, 11, 17], [4, 5, 6, 16, 18, 13, 12, 11, 19, 17]]
===========test============
non-isomorphic for sure
non-isomorphic
++++++++++++++++++++++++++ NO. 30437 +++++++++++++++++++++++++
===========choose============
[[3, 4, 5, 6, 18, 14, 13, 12, 11, 17], [4, 5, 7, 16, 18, 13, 12, 10, 19, 17]]
===========test============
non-isomorphic for sure
non-isomorphic
++++++++++++++++++++++++++ NO. 30438 +++++++++++++++++++++++++
===========choose============
[[3, 4, 5, 6, 18, 14, 13, 12, 11, 17], [4, 6, 7, 16, 18, 13, 11, 10, 19, 17]]
===========test============
non-isomorphic for sure
non-isomorphic
++++++++++++++++++++++++++ NO. 30439 +++++++++++++++++++++++++
===========choose============
[[3, 4, 5, 6, 18, 14, 13, 12, 11, 17], [5, 6, 7, 16, 18, 12, 11, 10, 19, 17]]
===========test============
non-isomorphic for sure
non-isomorphic
++++++++++++++++++++++++++ NO. 30440 +++++++++++++++++++++++++
===========choose============
[[3, 4, 5, 7, 16, 14, 13, 12, 10, 19], [3, 4, 5, 7, 18, 14, 13, 12, 10, 17]]
===========test============
non-isomorphic for sure
non-isomorphic
++++++++++++++++++++++++++ NO. 30441 +++++++++++++++++++++++++
===========choose============
[[3, 4, 5, 7, 16, 14, 13, 12, 10, 19], [3, 4, 5, 16, 18, 14, 13, 12, 19, 17]]
===========test============
non-isomorphic for sure
non-isomorphic
++++++++++++++++++++++++++ NO. 30442 +++++++++++++++++++++++++
===========choose============
[[3, 4, 5, 7, 16, 14, 13, 12, 10, 19], [3, 4, 6, 7, 16, 14, 13, 11, 10, 19]]
===========test============
non-isomorphic for sure
non-isomorphic
++++++++++++++++++++++++++ NO. 30443 +++++++++++++++++++++++++
===========choose============
[[3, 4, 5, 7, 16, 14, 13, 12, 10, 19], [3, 4, 6, 7, 18, 14, 13, 11, 10, 17]]
===========test============
non-isomorphic for sure
non-isomorphic
++++++++++++++++++++++++++ NO. 30444 +++++++++++++++++++++++++
===========choose============
[[3, 4, 5, 7, 16, 14, 13, 12, 10, 19], [3, 4, 6, 16, 18, 14, 13, 11, 19, 17]]
===========test============
non-isomorphic for sure
non-isomorphic
++++++++++++++++++++++++++ NO. 30445 +++++++++++++++++++++++++
===========choose============
[[3, 4, 5, 7, 16, 14, 13, 12, 10, 19], [3, 4, 7, 16, 18, 14, 13, 10, 19, 17]]
===========test============
non-isomorphic for sure
non-isomorphic
++++++++++++++++++++++++++ NO. 30446 +++++++++++++++++++++++++
===========choose============
[[3, 4, 5, 7, 16, 14, 13, 12, 10, 19], [3, 5, 6, 7, 16, 14, 12, 11, 10, 19]]
===========test============
non-isomorphic for sure
non-isomorphic
++++++++++++++++++++++++++ NO. 30447 +++++++++++++++++++++++++
===========choose============
[[3, 4, 5, 7, 16, 14, 13, 12, 10, 19], [3, 5, 6, 7, 18, 14, 12, 11, 10, 17]]
===========test============
non-isomorphic for sure
non-isomorphic
++++++++++++++++++++++++++ NO. 30448 +++++++++++++++++++++++++
===========choose============
[[3, 4, 5, 7, 16, 14, 13, 12, 10, 19], [3, 5, 6, 16, 18, 14, 12, 11, 19, 17]]
===========test============
non-isomorphic for sure
non-isomorphic
++++++++++++++++++++++++++ NO. 30449 +++++++++++++++++++++++++
===========choose============
[[3, 4, 5, 7, 16, 14, 13, 12, 10, 19], [3, 5, 7, 16, 18, 14, 12, 10, 19, 17]]
===========test============
non-isomorphic for sure
non-isomorphic
++++++++++++++++++++++++++ NO. 30450 +++++++++++++++++++++++++
===========choose============
[[3, 4, 5, 7, 16, 14, 13, 12, 10, 19], [3, 6, 7, 16, 18, 14, 11, 10, 19, 17]]
===========test============
non-isomorphic for sure
non-isomorphic
++++++++++++++++++++++++++ NO. 30451 +++++++++++++++++++++++++
===========choose============
[[3, 4, 5, 7, 16, 14, 13, 12, 10, 19], [4, 5, 6, 7, 16, 13, 12, 11, 10, 19]]
===========test============
non-isomorphic for sure
non-isomorphic
++++++++++++++++++++++++++ NO. 30452 +++++++++++++++++++++++++
===========choose============
[[3, 4, 5, 7, 16, 14, 13, 12, 10, 19], [4, 5, 6, 7, 18, 13, 12, 11, 10, 17]]
===========test============
non-isomorphic for sure
non-isomorphic
++++++++++++++++++++++++++ NO. 30453 +++++++++++++++++++++++++
===========choose============
[[3, 4, 5, 7, 16, 14, 13, 12, 10, 19], [4, 5, 6, 16, 18, 13, 12, 11, 19, 17]]
===========test============
non-isomorphic for sure
non-isomorphic
++++++++++++++++++++++++++ NO. 30454 +++++++++++++++++++++++++
===========choose============
[[3, 4, 5, 7, 16, 14, 13, 12, 10, 19], [4, 5, 7, 16, 18, 13, 12, 10, 19, 17]]
===========test============
non-isomorphic for sure
non-isomorphic
++++++++++++++++++++++++++ NO. 30455 +++++++++++++++++++++++++
===========choose============
[[3, 4, 5, 7, 16, 14, 13, 12, 10, 19], [4, 6, 7, 16, 18, 13, 11, 10, 19, 17]]
===========test============
non-isomorphic for sure
non-isomorphic
++++++++++++++++++++++++++ NO. 30456 +++++++++++++++++++++++++
===========choose============
[[3, 4, 5, 7, 16, 14, 13, 12, 10, 19], [5, 6, 7, 16, 18, 12, 11, 10, 19, 17]]
===========test============
non-isomorphic for sure
non-isomorphic
++++++++++++++++++++++++++ NO. 30457 +++++++++++++++++++++++++
===========choose============
[[3, 4, 5, 7, 18, 14, 13, 12, 10, 17], [3, 4, 5, 16, 18, 14, 13, 12, 19, 17]]
===========test============
non-isomorphic for sure
non-isomorphic
++++++++++++++++++++++++++ NO. 30458 +++++++++++++++++++++++++
===========choose============
[[3, 4, 5, 7, 18, 14, 13, 12, 10, 17], [3, 4, 6, 7, 16, 14, 13, 11, 10, 19]]
===========test============
non-isomorphic for sure
non-isomorphic
++++++++++++++++++++++++++ NO. 30459 +++++++++++++++++++++++++
===========choose============
[[3, 4, 5, 7, 18, 14, 13, 12, 10, 17], [3, 4, 6, 7, 18, 14, 13, 11, 10, 17]]
===========test============
non-isomorphic for sure
non-isomorphic
++++++++++++++++++++++++++ NO. 30460 +++++++++++++++++++++++++
===========choose============
[[3, 4, 5, 7, 18, 14, 13, 12, 10, 17], [3, 4, 6, 16, 18, 14, 13, 11, 19, 17]]
===========test============
non-isomorphic for sure
non-isomorphic
++++++++++++++++++++++++++ NO. 30461 +++++++++++++++++++++++++
===========choose============
[[3, 4, 5, 7, 18, 14, 13, 12, 10, 17], [3, 4, 7, 16, 18, 14, 13, 10, 19, 17]]
===========test============
non-isomorphic for sure
non-isomorphic
++++++++++++++++++++++++++ NO. 30462 +++++++++++++++++++++++++
===========choose============
[[3, 4, 5, 7, 18, 14, 13, 12, 10, 17], [3, 5, 6, 7, 16, 14, 12, 11, 10, 19]]
===========test============
non-isomorphic for sure
non-isomorphic
++++++++++++++++++++++++++ NO. 30463 +++++++++++++++++++++++++
===========choose============
[[3, 4, 5, 7, 18, 14, 13, 12, 10, 17], [3, 5, 6, 7, 18, 14, 12, 11, 10, 17]]
===========test============
non-isomorphic for sure
non-isomorphic
++++++++++++++++++++++++++ NO. 30464 +++++++++++++++++++++++++
===========choose============
[[3, 4, 5, 7, 18, 14, 13, 12, 10, 17], [3, 5, 6, 16, 18, 14, 12, 11, 19, 17]]
===========test============
non-isomorphic for sure
non-isomorphic
++++++++++++++++++++++++++ NO. 30465 +++++++++++++++++++++++++
===========choose============
[[3, 4, 5, 7, 18, 14, 13, 12, 10, 17], [3, 5, 7, 16, 18, 14, 12, 10, 19, 17]]
===========test============
non-isomorphic for sure
non-isomorphic
++++++++++++++++++++++++++ NO. 30466 +++++++++++++++++++++++++
===========choose============
[[3, 4, 5, 7, 18, 14, 13, 12, 10, 17], [3, 6, 7, 16, 18, 14, 11, 10, 19, 17]]
===========test============
non-isomorphic for sure
non-isomorphic
++++++++++++++++++++++++++ NO. 30467 +++++++++++++++++++++++++
===========choose============
[[3, 4, 5, 7, 18, 14, 13, 12, 10, 17], [4, 5, 6, 7, 16, 13, 12, 11, 10, 19]]
===========test============
non-isomorphic for sure
non-isomorphic
++++++++++++++++++++++++++ NO. 30468 +++++++++++++++++++++++++
===========choose============
[[3, 4, 5, 7, 18, 14, 13, 12, 10, 17], [4, 5, 6, 7, 18, 13, 12, 11, 10, 17]]
===========test============
non-isomorphic for sure
non-isomorphicisomorphic for sure
++++++++++++++++++++++++++ NO. 30357 +++++++++++++++++++++++++
===========choose============
[[2, 5, 7, 16, 18, 15, 12, 10, 19, 17], [3, 5, 6, 16, 18, 14, 12, 11, 19, 17]]
===========test============
non-isomorphic for sure
non-isomorphic
++++++++++++++++++++++++++ NO. 30358 +++++++++++++++++++++++++
===========choose============
[[2, 5, 7, 16, 18, 15, 12, 10, 19, 17], [3, 5, 7, 16, 18, 14, 12, 10, 19, 17]]
===========test============
non-isomorphic for sure
non-isomorphic
++++++++++++++++++++++++++ NO. 30359 +++++++++++++++++++++++++
===========choose============
[[2, 5, 7, 16, 18, 15, 12, 10, 19, 17], [3, 6, 7, 16, 18, 14, 11, 10, 19, 17]]
===========test============
non-isomorphic for sure
non-isomorphic
++++++++++++++++++++++++++ NO. 30360 +++++++++++++++++++++++++
===========choose============
[[2, 5, 7, 16, 18, 15, 12, 10, 19, 17], [4, 5, 6, 7, 16, 13, 12, 11, 10, 19]]
===========test============
non-isomorphic for sure
non-isomorphic
++++++++++++++++++++++++++ NO. 30361 +++++++++++++++++++++++++
===========choose============
[[2, 5, 7, 16, 18, 15, 12, 10, 19, 17], [4, 5, 6, 7, 18, 13, 12, 11, 10, 17]]
===========test============
non-isomorphic for sure
non-isomorphic
++++++++++++++++++++++++++ NO. 30362 +++++++++++++++++++++++++
===========choose============
[[2, 5, 7, 16, 18, 15, 12, 10, 19, 17], [4, 5, 6, 16, 18, 13, 12, 11, 19, 17]]
===========test============
isomorphic for sure
++++++++++++++++++++++++++ NO. 30363 +++++++++++++++++++++++++
===========choose============
[[2, 5, 7, 16, 18, 15, 12, 10, 19, 17], [4, 5, 7, 16, 18, 13, 12, 10, 19, 17]]
===========test============
isomorphic for sure
++++++++++++++++++++++++++ NO. 30364 +++++++++++++++++++++++++
===========choose============
[[2, 5, 7, 16, 18, 15, 12, 10, 19, 17], [4, 6, 7, 16, 18, 13, 11, 10, 19, 17]]
===========test============
non-isomorphic for sure
non-isomorphic
++++++++++++++++++++++++++ NO. 30365 +++++++++++++++++++++++++
===========choose============
[[2, 5, 7, 16, 18, 15, 12, 10, 19, 17], [5, 6, 7, 16, 18, 12, 11, 10, 19, 17]]
===========test============
non-isomorphic for sure
non-isomorphic
++++++++++++++++++++++++++ NO. 30366 +++++++++++++++++++++++++
===========choose============
[[2, 6, 7, 16, 18, 15, 11, 10, 19, 17], [3, 4, 5, 6, 16, 14, 13, 12, 11, 19]]
===========test============
non-isomorphic for sure
non-isomorphic
++++++++++++++++++++++++++ NO. 30367 +++++++++++++++++++++++++
===========choose============
[[2, 6, 7, 16, 18, 15, 11, 10, 19, 17], [3, 4, 5, 6, 18, 14, 13, 12, 11, 17]]
===========test============
non-isomorphic for sure
non-isomorphic
++++++++++++++++++++++++++ NO. 30368 +++++++++++++++++++++++++
===========choose============
[[2, 6, 7, 16, 18, 15, 11, 10, 19, 17], [3, 4, 5, 7, 16, 14, 13, 12, 10, 19]]
===========test============
non-isomorphic for sure
non-isomorphic
++++++++++++++++++++++++++ NO. 30369 +++++++++++++++++++++++++
===========choose============
[[2, 6, 7, 16, 18, 15, 11, 10, 19, 17], [3, 4, 5, 7, 18, 14, 13, 12, 10, 17]]
===========test============
non-isomorphic for sure
non-isomorphic
++++++++++++++++++++++++++ NO. 30370 +++++++++++++++++++++++++
===========choose============
[[2, 6, 7, 16, 18, 15, 11, 10, 19, 17], [3, 4, 6, 7, 16, 14, 13, 11, 10, 19]]
===========test============
non-isomorphic for sure
non-isomorphic
++++++++++++++++++++++++++ NO. 30371 +++++++++++++++++++++++++
===========choose============
[[2, 6, 7, 16, 18, 15, 11, 10, 19, 17], [3, 4, 6, 7, 18, 14, 13, 11, 10, 17]]
===========test============
non-isomorphic for sure
non-isomorphic
++++++++++++++++++++++++++ NO. 30372 +++++++++++++++++++++++++
===========choose============
[[2, 6, 7, 16, 18, 15, 11, 10, 19, 17], [3, 4, 6, 16, 18, 14, 13, 11, 19, 17]]
===========test============
non-isomorphic for sure
non-isomorphic
++++++++++++++++++++++++++ NO. 30373 +++++++++++++++++++++++++
===========choose============
[[2, 6, 7, 16, 18, 15, 11, 10, 19, 17], [3, 4, 7, 16, 18, 14, 13, 10, 19, 17]]
===========test============
non-isomorphic for sure
non-isomorphic
++++++++++++++++++++++++++ NO. 30374 +++++++++++++++++++++++++
===========choose============
[[2, 6, 7, 16, 18, 15, 11, 10, 19, 17], [3, 5, 6, 7, 16, 14, 12, 11, 10, 19]]
===========test============
isomorphic for sure
++++++++++++++++++++++++++ NO. 30375 +++++++++++++++++++++++++
===========choose============
[[2, 6, 7, 16, 18, 15, 11, 10, 19, 17], [3, 5, 6, 7, 18, 14, 12, 11, 10, 17]]
===========test============
isomorphic for sure
++++++++++++++++++++++++++ NO. 30376 +++++++++++++++++++++++++
===========choose============
[[2, 6, 7, 16, 18, 15, 11, 10, 19, 17], [3, 5, 6, 16, 18, 14, 12, 11, 19, 17]]
===========test============
non-isomorphic for sure
non-isomorphic
++++++++++++++++++++++++++ NO. 30377 +++++++++++++++++++++++++
===========choose============
[[2, 6, 7, 16, 18, 15, 11, 10, 19, 17], [3, 5, 7, 16, 18, 14, 12, 10, 19, 17]]
===========test============
non-isomorphic for sure
non-isomorphic
++++++++++++++++++++++++++ NO. 30378 +++++++++++++++++++++++++
===========choose============
[[2, 6, 7, 16, 18, 15, 11, 10, 19, 17], [3, 6, 7, 16, 18, 14, 11, 10, 19, 17]]
===========test============
non-isomorphic for sure
non-isomorphic
++++++++++++++++++++++++++ NO. 30379 +++++++++++++++++++++++++
===========choose============
[[2, 6, 7, 16, 18, 15, 11, 10, 19, 17], [4, 5, 6, 7, 16, 13, 12, 11, 10, 19]]
===========test============
non-isomorphic for sure
non-isomorphic
++++++++++++++++++++++++++ NO. 30380 +++++++++++++++++++++++++
===========choose============
[[2, 6, 7, 16, 18, 15, 11, 10, 19, 17], [4, 5, 6, 7, 18, 13, 12, 11, 10, 17]]
===========test============
non-isomorphic for sure
non-isomorphic
++++++++++++++++++++++++++ NO. 30381 +++++++++++++++++++++++++
===========choose============
[[2, 6, 7, 16, 18, 15, 11, 10, 19, 17], [4, 5, 6, 16, 18, 13, 12, 11, 19, 17]]
===========test============
isomorphic for sure
++++++++++++++++++++++++++ NO. 30382 +++++++++++++++++++++++++
===========choose============
[[2, 6, 7, 16, 18, 15, 11, 10, 19, 17], [4, 5, 7, 16, 18, 13, 12, 10, 19, 17]]
===========test============
isomorphic for sure
++++++++++++++++++++++++++ NO. 30383 +++++++++++++++++++++++++
===========choose============
[[2, 6, 7, 16, 18, 15, 11, 10, 19, 17], [4, 6, 7, 16, 18, 13, 11, 10, 19, 17]]
===========test============
non-isomorphic for sure
non-isomorphic
++++++++++++++++++++++++++ NO. 30384 +++++++++++++++++++++++++
===========choose============
[[2, 6, 7, 16, 18, 15, 11, 10, 19, 17], [5, 6, 7, 16, 18, 12, 11, 10, 19, 17]]
===========test============
non-isomorphic for sure
non-isomorphic
++++++++++++++++++++++++++ NO. 30385 +++++++++++++++++++++++++
===========choose============
[[3, 4, 5, 6, 7, 14, 13, 12, 11, 10], [3, 4, 5, 6, 16, 14, 13, 12, 11, 19]]
===========test============
non-isomorphic for sure
non-isomorphic
++++++++++++++++++++++++++ NO. 30386 +++++++++++++++++++++++++
===========choose============
[[3, 4, 5, 6, 7, 14, 13, 12, 11, 10], [3, 4, 5, 6, 18, 14, 13, 12, 11, 17]]
===========test============
non-isomorphic for sure
non-isomorphic
++++++++++++++++++++++++++ NO. 30387 +++++++++++++++++++++++++
===========choose============
[[3, 4, 5, 6, 7, 14, 13, 12, 11, 10], [3, 4, 5, 7, 16, 14, 13, 12, 10, 19]]
===========test============
non-isomorphic for sure
non-isomorphic
++++++++++++++++++++++++++ NO. 30388 +++++++++++++++++++++++++
===========choose============
[[3, 4, 5, 6, 7, 14, 13, 12, 11, 10], [3, 4, 5, 7, 18, 14, 13, 12, 10, 17]]
===========test============
non-isomorphic for sure
non-isomorphic
++++++++++++++++++++++++++ NO. 30389 +++++++++++++++++++++++++
===========choose============
[[3, 4, 5, 6, 7, 14, 13, 12, 11, 10], [3, 4, 6, 7, 16, 14, 13, 11, 10, 19]]
===========test============
non-isomorphic for sure
non-isomorphic
++++++++++++++++++++++++++ NO. 30390 +++++++++++++++++++++++++
===========choose============
[[3, 4, 5, 6, 7, 14, 13, 12, 11, 10], [3, 4, 6, 7, 18, 14, 13, 11, 10, 17]]
===========test============
non-isomorphic for sure
non-isomorphic
++++++++++++++++++++++++++ NO. 30391 +++++++++++++++++++++++++
===========choose============
[[3, 4, 5, 6, 7, 14, 13, 12, 11, 10], [3, 4, 6, 16, 18, 14, 13, 11, 19, 17]]
===========test============
non-isomorphic for sure
non-isomorphic
++++++++++++++++++++++++++ NO. 30392 +++++++++++++++++++++++++
===========choose============
[[3, 4, 5, 6, 7, 14, 13, 12, 11, 10], [3, 4, 7, 16, 18, 14, 13, 10, 19, 17]]
===========test============
non-isomorphic for sure
non-isomorphic
++++++++++++++++++++++++++ NO. 30393 +++++++++++++++++++++++++
===========choose============
[[3, 4, 5, 6, 7, 14, 13, 12, 11, 10], [3, 5, 6, 7, 16, 14, 12, 11, 10, 19]]
===========test============
isomorphic for sure
++++++++++++++++++++++++++ NO. 30394 +++++++++++++++++++++++++
===========choose============
[[3, 4, 5, 6, 7, 14, 13, 12, 11, 10], [3, 5, 6, 7, 18, 14, 12, 11, 10, 17]]
===========test============
isomorphic for sure
++++++++++++++++++++++++++ NO. 30395 +++++++++++++++++++++++++
===========choose============
[[3, 4, 5, 6, 7, 14, 13, 12, 11, 10], [3, 5, 6, 16, 18, 14, 12, 11, 19, 17]]
===========test============
non-isomorphic for sure
non-isomorphic
++++++++++++++++++++++++++ NO. 30396 +++++++++++++++++++++++++
===========choose============
[[3, 4, 5, 6, 7, 14, 13, 12, 11, 10], [3, 5, 7, 16, 18, 14, 12, 10, 19, 17]]
===========test============
non-isomorphic for sure
non-isomorphic
++++++++++++++++++++++++++ NO. 30397 +++++++++++++++++++++++++
===========choose============
[[3, 4, 5, 6, 7, 14, 13, 12, 11, 10], [3, 6, 7, 16, 18, 14, 11, 10, 19, 17]]
===========test============
non-isomorphic for sure
non-isomorphic
++++++++++++++++++++++++++ NO. 30398 +++++++++++++++++++++++++
===========choose============
[[3, 4, 5, 6, 7, 14, 13, 12, 11, 10], [4, 5, 6, 7, 16, 13, 12, 11, 10, 19]]
===========test============
non-isomorphic for sure
non-isomorphic
++++++++++++++++++++++++++ NO. 30399 +++++++++++++++++++++++++
===========choose============
[[3, 4, 5, 6, 7, 14, 13, 12, 11, 10], [4, 5, 6, 7, 18, 13, 12, 11, 10, 17]]
===========test============
non-isomorphic for sure
non-isomorphic
++++++++++++++++++++++++++ NO. 30400 +++++++++++++++++++++++++
===========choose============
[[3, 4, 5, 6, 7, 14, 13, 12, 11, 10], [4, 5, 6, 16, 18, 13, 12, 11, 19, 17]]
===========test============
isomorphic for sure
++++++++++++++++++++++++++ NO. 30401 +++++++++++++++++++++++++
===========choose============
[[3, 4, 5, 6, 7, 14, 13, 12, 11, 10], [4, 5, 7, 16, 18, 13, 12, 10, 19, 17]]
===========test============
isomorphic for sure
++++++++++++++++++++++++++ NO. 30402 +++++++++++++++++++++++++
===========choose============
[[3, 4, 5, 6, 7, 14, 13, 12, 11, 10], [4, 6, 7, 16, 18, 13, 11, 10, 19, 17]]
===========test============
non-isomorphic for sure
non-isomorphic
++++++++++++++++++++++++++ NO. 30403 +++++++++++++++++++++++++
===========choose============
[[3, 4, 5, 6, 7, 14, 13, 12, 11, 10], [5, 6, 7, 16, 18, 12, 11, 10, 19, 17]]
===========test============
non-isomorphic for sure
non-isomorphic
++++++++++++++++++++++++++ NO. 30404 +++++++++++++++++++++++++
===========choose============
[[3, 4, 5, 6, 16, 14, 13, 12, 11, 19], [3, 4, 5, 6, 18, 14, 13, 12, 11, 17]]
===========test============
non-isomorphic for sure
non-isomorphic
++++++++++++++++++++++++++ NO. 30405 +++++++++++++++++++++++++
===========choose============
[[3, 4, 5, 6, 16, 14, 13, 12, 11, 19], [3, 4, 5, 7, 16, 14, 13, 12, 10, 19]]
===========test============
non-isomorphic for sure
non-isomorphic
++++++++++++++++++++++++++ NO. 30406 +++++++++++++++++++++++++
===========choose============
[[3, 4, 5, 6, 16, 14, 13, 12, 11, 19], [3, 4, 5, 16, 18, 14, 13, 12, 19, 17]]
===========test============
non-isomorphic for sure
non-isomorphic
++++++++++++++++++++++++++ NO. 30407 +++++++++++++++++++++++++
===========choose============
[[3, 4, 5, 6, 16, 14, 13, 12, 11, 19], [3, 4, 6, 7, 16, 14, 13, 11, 10, 19]]
===========test============
non-isomorphic for sure
non-isomorphic
++++++++++++++++++++++++++ NO. 30408 +++++++++++++++++++++++++
===========choose============
[[3, 4, 5, 6, 16, 14, 13, 12, 11, 19], [3, 4, 6, 7, 18, 14, 13, 11, 10, 17]]
===========test============
non-isomorphic for sure
non-isomorphic
++++++++++++++++++++++++++ NO. 30409 +++++++++++++++++++++++++
===========choose============
[[3, 4, 5, 6, 16, 14, 13, 12, 11, 19], [3, 4, 6, 16, 18, 14, 13, 11, 19, 17]]
===========test============
non-isomorphic for sure
non-isomorphic
++++++++++++++++++++++++++ NO. 30410 +++++++++++++++++++++++++
===========choose============
[[3, 4, 5, 6, 16, 14, 13, 12, 11, 19], [3, 4, 7, 16, 18, 14, 13, 10, 19, 17]]
===========test============
non-isomorphic for sure
non-isomorphic
++++++++++++++++++++++++++ NO. 30411 +++++++++++++++++++++++++
===========choose============
[[3, 4, 5, 6, 16, 14, 13, 12, 11, 19], [3, 5, 6, 7, 16, 14, 12, 11, 10, 19]]
===========test============
non-isomorphic for sure
non-isomorphic
++++++++++++++++++++++++++ NO. 30412 +++++++++++++++++++++++++
===========choose============
[[3, 4, 5, 6, 16, 14, 13, 12, 11, 19], [3, 5, 6, 7, 18, 14, 12, 11, 10, 17]]
===========test============
non-isomorphic for sure
non-isomorphic
++++++++++++++++++++++++++ NO. 30413 +++++++++++++++++++++++++
===========choose============
[[3, 4, 5, 6, 16, 14, 13, 12, 11, 19], [3, 5, 6, 16, 18, 14, 12, 11, 19, 17]]
===========test============
non-isomorphic for sure
non-isomorphic
++++++++++++++++++++++++++ NO. 30414 +++++++++++++++++++++++++
===========choose============
[[3, 4, 5, 6, 16, 14, 13, 12, 11, 19], [3, 5, 7, 16, 18, 14, 12, 10, 19, 17]]
===========test============
non-isomorphic for sure
non-isomorphic
++++++++++++++++++++++++++ NO. 30415 +++++++++++++++++++++++++
===========choose============
[[3, 4, 5, 6, 16, 14, 13, 12, 11, 19], [3, 6, 7, 16, 18, 14, 11, 10, 19, 17]]
===========test============
non-isomorphic for sure
non-isomorphic
++++++++++++++++++++++++++ NO. 30416 +++++++++++++++++++++++++
===========choose============
[[3, 4, 5, 6, 16, 14, 13, 12, 11, 19], [4, 5, 6, 7, 16, 13, 12, 11, 10, 19]]
===========test============
non-isomorphic for sure
non-isomorphic
++++++++++++++++++++++++++ NO. 30417 +++++++++++++++++++++++++
===========choose============
[[3, 4, 5, 6, 16, 14, 13, 12, 11, 19], [4, 5, 6, 7, 18, 13, 12, 11, 10, 17]]
===========test============
non-isomorphic for sure
non-isomorphic
++++++++++++++++++++++++++ NO. 30418 +++++++++++++++++++++++++
===========choose============
[[3, 4, 5, 6, 16, 14, 13, 12, 11, 19], [4, 5, 6, 16, 18, 13, 12, 11, 19, 17]]
===========test============
non-isomorphic for sure
------------------------------------------END------------------------------------------